1.665717358533807783e+03
1.666204261789293696e+03
1.664553688125294002e+03
1.663859571414868242e+03
1.663831772401679927e+03
1.664474676813249516e+03
1.664937922295202497e+03
1.660625051040138032e+03
1.662959849688245640e+03
1.664567934601268007e+03
1.665470773180411697e+03
1.666531654623082431e+03
1.666023187511061451e+03
1.662702517488550257e+03
1.664318364404606882e+03
1.664385963245725634e+03
1.667520066546965609e+03
1.663930872461789022e+03
1.663828550618150757e+03
1.665604947010490605e+03
1.665987080922127689e+03
1.664797727414330211e+03
1.663832723961855436e+03
1.663735616203278141e+03
1.662121455493298527e+03
1.666178712747926966e+03
1.664702065816956065e+03
1.662973875201217652e+03
1.666761642979345879e+03
1.662306633807905428e+03
1.666208558728393200e+03
1.666820795424938524e+03
1.665480680297147046e+03
1.666704803634443806e+03
1.665880454156320184e+03
1.666285419346737172e+03
1.664605790274998526e+03
1.666150761559039438e+03
1.663784199369971020e+03
1.663832604833167125e+03
1.663730530594206584e+03
1.665520524504820742e+03
1.666338642878776227e+03
1.665895849949914009e+03
1.664295019617602975e+03
1.663279154560394772e+03
1.666153314350437995e+03
1.666783243089915914e+03
1.664473872781990394e+03
1.666536328488271465e+03
1.663377995820049819e+03
1.664931190168179228e+03
1.667231870100460128e+03
1.663928215126933992e+03
1.664831329651482520e+03
1.666297492092181983e+03
1.666488447822353237e+03
1.663483069936410175e+03
1.666128695873294873e+03
1.666394197067246296e+03
1.665077596404077212e+03
1.665054826337456007e+03
1.667446644884507350e+03
1.665047185298375780e+03
1.662949756277568667e+03
1.666802401880027446e+03
1.661911789628203906e+03
1.665126049960951605e+03
1.667060976639761748e+03
1.663435709243905194e+03
1.666096862499339750e+03
1.662961620103092400e+03
1.664014171547433079e+03
1.666591826792419624e+03
1.663337457063709508e+03
1.665243698527145398e+03
1.665437105773528629e+03
1.663014230665248306e+03
1.664512683549186931e+03
1.665518969266624481e+03
1.664817835173431831e+03
1.664947091254555744e+03
1.664026756224945757e+03
1.665214520926704381e+03
1.663768015933577772e+03
1.667256457809723770e+03
1.662417871656129137e+03
1.666123576068071088e+03
1.665666370857380798e+03
1.664178908486969021e+03
1.663076806259893601e+03
1.666059681191171194e+03
1.665518621459411634e+03
1.664860395617954964e+03
1.662645168270875729e+03
1.661651639752639085e+03
1.662811653967217580e+03
1.665675771359514556e+03
1.666559699483682607e+03
