                                                                                                                                                                             
	W0  11.1501641723 +0.314764824054 -0.335126999479 11.1475183334                                                                                                                                                      
	eta   0.214251656937 +0.0347618401471 -0.0273056461593 0.216520721838                                                                                                                                                      
	M  0.392776185542 +0.00577693637139 -0.006256289969310.392626933847                                                                                                                                                      
	rh  0.910102508218 +0.126578319294 -0.0750551887442
0.930718149237
	B  0.978578801896 +0.00715046056466 -0.0248426326722
0.972009152769


		                                                                                                                                                                                                                                                                                                    
	