-1.155867728187598420e-01
-1.080872348086225343e-01
-1.140571269574047752e-01
-9.427430964811885084e-02
-1.083243550745669748e-01
-8.415466610568331229e-02
-1.070141198565334045e-01
-1.093761865379968279e-01
-8.188925960954152039e-02
-9.803640758061740734e-02
-1.008655940252712185e-01
-9.747888789993573722e-02
-1.176144652258406531e-01
-6.647301306021258238e-02
-6.914085455414364922e-02
-9.979130456586446374e-02
-1.130088782570037587e-01
-4.180087808888856282e-02
-1.052328831054544084e-01
-1.138677696887834961e-01
-1.123421551041360461e-01
-1.170986938473696781e-01
-1.087927094165559300e-01
-9.482017697078574947e-02
-9.181910069977569644e-02
-7.375307353891688567e-02
-8.769211482656036338e-02
-1.226244798469014463e-01
-1.141255603994512924e-01
-9.141866778201976351e-02
-1.182295811948608222e-01
-1.085784080178068406e-01
-1.161118850453911749e-01
-1.026151879742211032e-01
-9.496862122007426743e-02
-1.054013601408268219e-01
-1.199508829105762758e-01
-1.040345487536391139e-01
-1.147188759264893276e-01
-1.114649101842710155e-01
-8.511799768293813739e-02
-1.195729037497570008e-01
-1.225390861363766376e-01
-9.956511137733042860e-02
-7.975578557506607380e-02
-7.679172896376398882e-02
-8.782370373767536820e-02
-1.032875117751561045e-01
-9.153605036137310580e-02
-7.200349341483977539e-02
-1.101538541967329587e-01
-9.916383417594715199e-02
-1.121571907592401190e-01
-9.695653368610637757e-02
-8.704311618292180641e-02
-5.202696786444764576e-02
-6.580237485098060224e-02
-1.005442937152671856e-01
-6.980016614629441785e-02
-1.006712673608033820e-01
-6.004604790421312621e-02
-1.103257045460132590e-01
-9.694380836616718622e-02
-9.980583719037701418e-02
-1.150653827162124304e-01
-9.953305650901111967e-02
-1.202808601949399703e-01
-2.353303233106114611e-02
-1.054390945360709070e-01
-1.077819076566705891e-01
-1.111198430104378965e-01
-1.000484165363029754e-01
-8.371861191773721789e-02
-1.163449832159430541e-01
-8.186151697279825390e-02
-9.598006510680766323e-02
-1.130133884153673995e-01
-8.290606657464999474e-02
-1.159321232045196354e-01
-5.286021991339220211e-02
-1.013091769542483478e-01
-1.075669377464411464e-01
-1.131815650831967668e-01
-1.164844275086370368e-01
-1.080854105558383821e-01
-8.849695981553998281e-02
-1.034789278775355842e-01
-1.146210421440076732e-01
-1.071148253453819005e-01
-6.746505489319468141e-02
-5.273789275344244881e-02
-8.474048512541029754e-02
-8.904390935713056565e-02
-1.004274632988424176e-01
-1.231169845027915710e-01
-9.332919854984030039e-02
-6.720809997808278868e-02
-1.032847076937793984e-01
-9.385028410196982751e-02
-1.112781521751341901e-01
-1.212476925700773506e-01
-1.166972592465759240e-01
-8.133650217669642635e-02
-1.224252900940484556e-01
-1.145183253920430688e-01
-1.129674059942790409e-01
-1.201695865281371955e-01
-1.041207587590202294e-01
-9.856839643758585900e-02
-5.348685578081452396e-02
-1.043169615940012923e-01
-9.992269884818356929e-02
-1.091501430553136337e-01
-1.102138024334835820e-01
-1.212659028229264441e-01
-1.213692512327923384e-01
-1.232996124689910988e-01
-1.097070878986767806e-01
-1.211412060338675767e-01
-9.102607056963449295e-02
-8.139353958364553554e-02
-1.205881751634538812e-01
-7.626063643269256898e-02
-1.073625142230935914e-01
-1.173731149480591179e-01
-1.098886274336420832e-01
-1.157170995855026224e-01
-7.445632098206621252e-02
-9.811778284401463657e-02
-8.295437767780147742e-02
-9.369183775575995465e-02
-1.199548116550170629e-01
-1.004494132937681083e-01
-9.028017733858659244e-02
-1.057724435485240255e-01
-1.001342029673876199e-01
-9.814079150570351184e-02
-7.276519740704345818e-02
-1.098432799626372081e-01
-1.169110643482316469e-01
-1.117824563764744511e-01
-1.229266002870160468e-01
-1.157593461188857198e-01
-1.165043899320477028e-01
-7.644376715872248929e-02
-6.123606625259779557e-02
-9.487902641418699545e-02
-1.135677239163884467e-01
-1.153385765090024218e-01
-1.184235835082956823e-01
-6.323153222326366452e-02
-3.936915407760485652e-02
-1.015241795235732047e-01
-1.232354393354687105e-01
-1.216828172710994194e-01
-8.682468737925760904e-02
-9.975897791625797095e-02
-1.211540975294552458e-01
-1.139311000748348124e-01
-6.919772600950449548e-02
-7.232327421486865748e-02
-8.880631296030577770e-02
-1.154733232117823583e-01
-9.322418142575417122e-02
-9.869560129429499895e-02
-1.093829856267137801e-01
-1.057294737147337488e-01
-1.166068820208885359e-01
-8.279502498990237713e-02
-6.304444608382311910e-02
-8.531175767662196874e-02
-1.055997990186119950e-01
-6.865940307370885232e-02
-1.061725558781261708e-01
-9.583584628772140457e-02
-8.425461389213800834e-02
-1.189867363995219529e-01
-1.167963793137105494e-01
-1.088168727196442698e-01
-1.129607996671294634e-01
-1.093007929424229252e-01
-1.221465193001780025e-01
-1.031701940146259600e-01
-1.118828829675045378e-01
-9.354009729432705145e-02
-1.067193421376353979e-01
-7.093618976927019981e-02
8.689846755862290495e-03
-8.606695043396526967e-02
-5.897639603880407144e-02
-1.098162592988888298e-01
-9.349104544243599935e-02
-7.743993756477798862e-02
-8.813839010308020805e-02
-6.254858861751430577e-02
-8.841364801032235154e-02
-1.094969782889763377e-01
-8.913037909040497087e-02
-1.032126340583128243e-01
-1.125401894819873100e-01
-1.233190849802058148e-01
-1.126195926905647487e-01
-1.024558634673133350e-01
-1.035374236546715843e-01
-8.851485809923154147e-02
-1.197308614828025003e-01
-1.042857990488000597e-01
-7.616351611478329453e-02
-7.049345416319548197e-02
-9.093899261803431444e-02
-1.231511662928283513e-01
-1.064510355564228794e-01
-1.009788800907844286e-01
-8.491546388105264409e-02
-1.073016318507880318e-01
-6.752145220631655675e-02
-1.189436224231118500e-01
-7.399944243387160392e-02
-1.037030480992858217e-01
-9.879733093091105922e-02
-8.211483661481217000e-02
-1.148047648431441969e-01
-9.408116215561514173e-02
-1.026006370868693396e-01
-1.214625976703996579e-01
-8.714746164359846170e-02
-1.036033564002146606e-01
-1.158767300969342495e-01
-1.218941399424829791e-01
-1.197039177184572589e-01
-1.191521984996720962e-01
-1.037620674705798107e-01
-1.225365372660643104e-01
-9.159373163803674611e-02
-6.351486644151255190e-02
-1.034917003222814713e-01
-1.132210271019805925e-01
-6.977957734613553231e-02
-9.811362225451528141e-02
-7.017931294514657969e-02
-1.000644894606358276e-01
-1.181348769696989043e-01
-1.030577401336454785e-01
-1.077191415615829928e-01
-1.154478553523473339e-01
-1.223912135333884016e-01
-7.395769510238021927e-02
-7.136040219368977588e-02
-1.011476416125264566e-01
-9.184014470501410121e-02
-7.874611888953153560e-02
-9.905547234919759303e-02
-1.211552759275811575e-01
-9.668217567387019096e-02
-7.422787032247968320e-04
-8.160990230559694858e-02
-8.901596597288918833e-02
-1.178850483132475035e-01
-1.045441279514681965e-01
-1.037439153888641830e-01
-8.217111232711152291e-02
-6.774015018756363027e-02
-1.005499957371103481e-01
-9.401665995398539311e-02
-1.106773679541279698e-01
-1.115994215670965684e-01
-9.466412757847106341e-02
-1.105349415518540185e-01
-3.119020410341298566e-02
-1.148409881044242797e-01
-6.764830701395734003e-02
-1.034215429736191627e-01
-1.014376023558724443e-01
-7.608375628972760540e-02
-1.156392370680635606e-01
-1.133988077357725027e-01
-1.192291353871294257e-01
-1.203889748977477608e-01
-9.144941106997786506e-02
-1.012123585278117133e-01
-1.083907979017236373e-01
-9.446566039362570832e-02
-8.940096618387929905e-02
-1.068676006137090351e-01
-9.843876014261977725e-02
-1.203180174191790103e-01
-1.170036113702524194e-01
-8.495468817663737182e-02
-7.931809726345065426e-02
-1.054418302097727272e-01
-9.248493954724523736e-02
-3.880415917933942305e-02
-8.898784545175890404e-02
-1.210842274368406080e-01
-7.461668155749809350e-02
-1.138879492559035644e-01
-5.795151320720687282e-02
-1.162114761889390668e-01
-8.804429347910068537e-02
-1.097281067518104114e-01
-6.959867387636553548e-02
-6.627801370512095835e-02
-8.477490040072629962e-02
-9.597284437786332556e-02
-1.188692344547265245e-01
-2.894857579762383226e-02
-6.875052188062626135e-02
-1.064791495489167961e-01
-1.027075499309624829e-01
-7.423847217015824840e-02
-1.099923444149293605e-01
-3.869061028883246517e-02
-7.270849684826233283e-02
-1.227012820280811434e-01
-1.121199793354241137e-01
-6.549480094436063715e-02
-1.041836888972569319e-01
-4.666694759180876895e-02
-1.225229993523464789e-01
-1.147467811211009270e-01
-8.048223190231407198e-02
-1.114115409148582897e-01
-1.024323088781364105e-01
-1.208345101546779432e-01
-1.122378383688171499e-01
-5.223461919637803486e-02
-1.090134600569044737e-01
-1.199689240071275531e-01
-9.707329781205928376e-02
-1.141336150331658250e-01
-1.212333456526996367e-01
-8.228315711965442092e-02
-1.148030335967116511e-01
-8.636041389328574791e-02
-9.140091091765251141e-02
-9.480619904938114573e-02
-9.327215763344234856e-02
-1.026966002074818085e-01
-1.092022406430767367e-01
-8.020746519396249052e-02
-4.118817451294159993e-02
-1.679985991273479085e-02
-7.195628318921984401e-02
-7.165002534173380011e-02
-8.315471797853905833e-02
-1.045036197944928802e-01
-8.909658188235190790e-02
-5.833324272849263470e-02
-1.015154514843640554e-01
-1.196737795765920320e-01
-7.214388380108524568e-02
-1.175511734269843456e-01
-1.107566916650686850e-01
-1.085696573708756218e-01
-5.734486613844672065e-02
-1.080924174454864772e-01
-9.804603169055159384e-02
-8.012395059767835059e-02
-1.162990614612529616e-01
-1.031051759267407331e-01
-1.028364118158609231e-01
-1.173557771391160187e-01
-1.176014419750635448e-01
-7.904894125205730315e-02
-1.187499492523295674e-01
-1.167825219093260869e-01
-8.161072778280094309e-02
-1.171515543094925615e-01
-8.044450098460045884e-02
-9.428335598653260485e-02
-7.361057670036172396e-02
-7.359507977852282334e-02
-8.566273625365762590e-02
-7.804646602482305517e-02
-9.681588004378710588e-02
-1.107654675960587642e-01
-7.533319726503874547e-02
-1.014407554015112900e-01
-1.134802506303577430e-01
-1.010008918431567759e-01
-1.211546638172368018e-01
-1.143234040881164065e-01
-1.144585486262369722e-01
-8.050424864310305739e-02
-9.334062789373032132e-02
-1.156221088341324033e-01
-9.669187215522356826e-02
-9.456056884538577290e-02
-8.990625051394535161e-02
-6.798590766756168469e-02
-1.180387012337537622e-01
-1.158838986154732825e-01
-1.129475308381975296e-01
-9.829600713679409463e-02
-7.856078045250144970e-02
-8.028076818633084200e-02
-6.721724078590364526e-02
-1.107511040202100727e-01
-7.342956213371008845e-02
-1.112350848866189845e-01
-1.086185253249898064e-01
-1.147916538860086072e-01
-1.195878969324755681e-01
-9.686579814725579385e-02
-1.221069188015711238e-01
-9.865846013828299954e-02
-6.004819654704594833e-02
-1.234454027317893055e-01
-1.182886337598498122e-01
-1.004463944214603888e-01
-1.119046080934411463e-01
-1.173318997231749400e-01
-8.863220994753281956e-02
-1.084111961297243854e-01
-1.232200941753310297e-01
-1.174470351886942043e-01
-1.150516232519015886e-01
-1.182974046722595624e-01
-9.389136096331776593e-02
-1.009752444409404704e-01
-1.216523547467336375e-01
-9.752724465465006931e-02
-6.430739489456771540e-02
-1.125361266604338328e-01
-9.309293816781963327e-02
-7.220759448376516676e-02
-1.137370360148536597e-01
-1.119446640169414892e-01
-9.687090542595527820e-02
-1.015373782790648105e-01
-7.910431046349389317e-02
-8.044359042297052897e-02
-9.921760018904782208e-02
-4.725383908762532947e-02
-1.141380883287305692e-01
-7.685705303228704266e-02
-9.214227426898785600e-02
-1.017026747091913236e-01
-1.198220692694541289e-01
-9.765743338480609159e-02
-1.042188122938288025e-01
-1.064809524832883714e-01
-1.051447277927754498e-01
-9.230484845171299524e-02
-1.226551469333639344e-01
-8.797378370785929880e-02
-6.452920531306795271e-02
-9.582484462363066724e-02
-1.126305955865268410e-01
-1.117420841669145293e-01
-2.209032786422016059e-02
-1.207603829523557770e-01
-1.173370270537088256e-01
-1.090245501717229670e-01
-7.668341574727927101e-02
-8.990071320814255196e-02
-8.450147148154141252e-02
-1.000669779475956700e-01
-1.204373254606261878e-01
-9.881681571784269036e-02
-1.156756267317579912e-01
-8.019936321182566386e-02
-1.123622659349409331e-01
-1.117110548638643175e-01
-1.022799194918600080e-01
-1.189302438576188004e-01
-8.746640148389009384e-02
-9.579261481936518496e-02
-6.934456088740650892e-02
-5.903155070362474388e-02
-9.361906254293853036e-02
-1.210452094473913887e-01
-1.182720561043923146e-01
-1.197255122816741624e-01
-9.369763881153363172e-02
-9.622828866076815757e-02
-8.968513119137490330e-02
-1.185036122216409082e-01
-1.038542631167385100e-01
-8.598953680151179280e-02
-5.283143500193188125e-02
5.971206719776217531e-03
-8.016449930717434169e-02
-1.067870542698605707e-01
-9.523430559614798341e-02
-1.223678933501217703e-01
-7.962843137849215380e-02
-2.676135818284619550e-02
-1.211357421380321320e-01
-1.133637416624836969e-01
-9.753942217714384189e-02
-9.533731239546727743e-02
-1.061489948162448738e-01
-8.024154068435349063e-02
-7.067619470668215498e-02
-1.035597525946475861e-01
-7.311454820290935741e-02
-9.257789868230426045e-02
-9.055893938238993024e-02
-1.162032746324024590e-01
-1.214434945826669138e-01
-1.181848032838610923e-01
-1.093095460249171036e-01
-8.853476024471494676e-02
-1.073460476907516919e-01
-1.015227399479766701e-01
-1.134626452189509138e-01
-6.222981954653583614e-02
-7.391683505865667692e-02
-8.688171037516792539e-02
-8.359875384937587306e-02
-8.905537689079388863e-02
-1.116704161832880182e-01
-1.205995362696167250e-01
-1.200806795281288142e-01
-1.202839586620178952e-01
-8.180554563962925962e-02
-9.508231908547737365e-02
-8.865431982565244451e-02
-1.133399588253095058e-01
-9.663457027414371070e-02
-1.178284853268855847e-01
-3.178708764713740476e-02
-6.909015195641414475e-02
-9.036776648682159907e-02
-1.063134461900548805e-01
-8.798927855443854085e-02
-1.007838637446678010e-01
-1.047709408077983351e-01
-8.475038990245906123e-02
-1.145902393841720796e-01
-7.988033789310167165e-02
-6.962316790703128311e-02
-6.346681687880083300e-02
-7.971294768057661517e-02
-1.182750471845832874e-01
-1.177260790029162618e-01
-1.037678740069061384e-01
-1.076211609153558124e-01
-1.227398019162335985e-01
-1.048267610186760651e-01
-1.178011523116505588e-01
-6.686428195936169883e-02
-5.437592240026538348e-02
-8.988080249041664749e-02
-1.201894138869881307e-01
-8.204346820476046687e-02
-1.029150756263908506e-01
-9.611437594158864228e-02
-9.505462491133792602e-02
-7.224418102300231292e-02
-1.170739224990437477e-01
-8.994031597616557183e-02
-1.210195490015018582e-01
-1.212503084165569289e-01
-1.203552718688403883e-01
-1.065417544860305099e-01
-8.113093297941401105e-02
-1.220169107220577254e-01
-8.675817952187911408e-02
-5.448991064273414620e-02
-1.152410164737846382e-01
-1.007702184020319025e-01
-9.827679769241404184e-02
-8.824128316689157370e-02
-9.526953299910495554e-02
-1.027240729713884693e-01
-1.050547419922952808e-01
-1.232890393058873324e-01
-1.184058357672236467e-01
-9.124033634428357908e-02
-1.132232543156388854e-01
-1.164569755489587022e-01
-1.147545686748809302e-01
-9.253395191361167560e-02
-1.053796074652295633e-01
-8.696148495558855829e-02
2.083746409602252325e-03
-9.193460648628791476e-02
-1.017870719077681174e-01
-1.185571544649088177e-01
-8.748570514281125976e-02
-1.161655559188977394e-01
-1.137764457965274451e-01
-1.107742314731086086e-01
-1.148491567461336349e-01
-3.168928580580295667e-02
-1.599920217385294996e-02
-1.073606290858618584e-01
-1.210512566735178486e-01
-1.113261376830496224e-01
-1.232689090233622942e-01
-9.989996852350807588e-02
-9.419947253809266008e-02
-1.020095446432870423e-01
-8.805030744001475507e-02
-1.219405438336222947e-01
-8.162797956246903297e-02
-8.867629253775789755e-02
-9.342146080450061674e-02
-1.087229373498866947e-01
-1.225474587540939519e-01
-5.500670356493678192e-02
-1.116880812113241334e-01
-1.158089290297372453e-01
-4.205672830005213747e-02
-5.615655658169681902e-02
-4.469801191280736719e-02
-7.860750620791595589e-02
-6.903827774139258133e-02
-1.067812888215493583e-01
-9.938520968187215809e-02
-1.173949635936426400e-01
-8.277008793494938788e-02
-1.085314789645023398e-01
-9.863750416974591262e-02
-9.374844515128549771e-02
-9.337179507291468172e-02
-1.184441677511813146e-01
-1.122842158258438305e-01
-1.134203284989097754e-01
-1.207861928298281651e-01
-1.219387085616349814e-01
-1.068092921581805244e-01
-1.147040223711364854e-01
-1.125979332030526692e-01
-9.919325888351744613e-02
-1.061036866156753466e-01
-5.139842536908327542e-02
-8.487510760106324603e-02
-1.031111817109364864e-01
-1.137049982786851460e-01
-8.904111722110655269e-02
-9.097396159528169102e-02
-9.907850823824787545e-02
-5.223199674694931072e-02
-4.875087218719788285e-02
-1.146228600807707443e-01
-8.442486443454177980e-02
-1.008057863268271848e-01
-1.093030368454253887e-01
-1.038780701561899666e-01
-1.217587250417970501e-01
-1.209327369929895646e-01
-6.656260277934016034e-02
-1.221848970406054780e-01
-1.181500621838677267e-01
-1.183499290253316599e-01
-1.031868629187005088e-01
-1.017431172393881422e-01
-9.641246993306851198e-02
-1.186311384079118125e-01
-1.234036814384378566e-01
-1.122810453305589790e-01
-1.204109906712774458e-01
-8.602896466291024002e-02
-9.172623153238002036e-02
-1.178147730027895579e-01
-1.064819990100038666e-01
-1.182317048990515762e-01
-1.221883577047884195e-01
-1.058030020405310578e-01
-1.217046817252354501e-01
-1.184726919687558583e-01
-8.799640081556710236e-02
-9.454038482821847111e-02
-1.105577866925289698e-01
-3.711098790267811087e-02
-1.217909858541314227e-01
-9.484430903250672118e-02
-1.122486749978904574e-01
-7.829882241038474411e-02
-1.108052123393024058e-01
-8.693291144424850070e-02
-1.197274580793842580e-01
-7.165394971086305742e-02
-1.118744926485706198e-01
-1.162610337710797831e-01
-8.224691755883253852e-02
-7.265974773063399450e-02
-8.925729710155647090e-02
-7.299773363354371269e-02
-1.217890205831152484e-01
-1.213154907310041442e-01
-1.141828190656369729e-01
-9.240712111767616921e-02
-1.206385019720358082e-01
-9.414065314877426149e-02
-9.763985453100906819e-02
-6.432629784136664752e-02
-1.123097001436087761e-01
-1.221120094944159740e-01
-7.429184075666256382e-02
-1.026959991603621919e-01
-1.208105740078295742e-01
-6.534510109811707268e-02
-1.120554027897850968e-01
-8.852660073462081947e-02
-1.016117495173443075e-01
-1.208345253157152299e-01
-9.675387012644845464e-02
-1.103190514980924714e-01
-1.183830203889563032e-01
-8.502521936015422499e-02
-1.133160056975865138e-01
-1.186663176587189616e-01
-5.689360310561257517e-02
-3.606078053019978746e-02
-1.224242210403470865e-01
-7.200543566777262150e-02
-1.019511193860543757e-01
-1.171812465151687299e-01
-9.155856310525520292e-02
-1.171909112637026240e-01
-1.009663278493355687e-01
-9.111013269691636829e-02
-9.970645514261453068e-02
-9.928749177107115687e-02
-3.772369615410840760e-02
-9.215572470781346892e-02
-1.154656053975520458e-01
-7.153484587598502031e-02
-1.062276501455230726e-01
-1.118324615411003808e-01
-1.206727134323115902e-01
-8.362422804527300246e-02
-7.778068575806977580e-02
-9.783411500671077010e-02
-1.020964633952676226e-01
-1.086631632372214995e-01
-1.203493239321113961e-01
-1.235164433965154906e-01
-1.051685794334228374e-01
-7.998900910623324423e-02
-2.997761507743573750e-02
-8.322287663938954250e-02
-1.208224202363581828e-01
-1.219820269312941463e-01
-1.066960363520840227e-01
-1.082989169426528536e-01
-3.300158114684426103e-02
-1.162221115273653349e-01
-1.157772040749743270e-01
-9.749864498665802848e-02
-1.186453223303435278e-01
-8.969847080866108491e-02
-1.023488399985505587e-01
-1.215987426657040293e-01
-1.054822733931188861e-01
-1.113999630948961511e-01
-9.267650939583467473e-02
-7.279607161979424756e-02
-1.198405280869656309e-01
-9.417134979959830565e-02
-1.223605509673255931e-01
-1.063611507683195345e-01
-6.121478515305707468e-02
-1.007994575255176245e-01
-1.174659771659094937e-01
-1.206590541997659416e-01
-1.000625627934541850e-01
-9.226149937392705280e-02
-8.888159316566313084e-02
-8.841240202411947136e-02
-7.283105644449927585e-02
-5.786846451583603501e-02
-7.332281673891671847e-02
-1.209196188313078207e-01
-1.126467489172504194e-01
-1.197229782951793886e-01
-1.047778457131554736e-01
-1.171655401140317132e-01
-1.001169747748864858e-01
-1.006395141681812599e-01
-1.021452147748609929e-01
-1.095809190492953167e-01
-9.796162827884687119e-02
-1.039378425240241044e-01
-1.107113880349303997e-01
-1.170707426132712170e-01
-7.149235004501638957e-02
-3.192597866219239189e-02
-1.653979457380937157e-02
-1.160663451316993611e-01
-9.340707446069826392e-02
-1.229895561876533094e-01
-8.544002305859332846e-02
-1.058028750395556550e-01
-9.515705089668410888e-02
-9.840541720512582802e-02
-7.951656715318192181e-02
-1.118766530383575319e-01
-9.119082937611867890e-02
-1.144970642471555416e-01
-1.206598690679258068e-01
-7.320737732284444965e-02
-9.165540424629056715e-02
-1.089190722377632592e-01
-9.702766011773705790e-02
-1.173053031667180418e-01
-1.226605953651018904e-01
-9.347577586241234693e-02
-9.313504366850516858e-02
-1.054553010866852991e-01
-6.065289099885250168e-02
-6.928786445198820143e-02
-8.708066574208481181e-02
-9.418253997141445844e-02
-7.283008865958386091e-02
-1.113731257695497329e-01
-6.680476349936226299e-02
-1.110577448209717488e-01
-5.730877627777600236e-02
-9.655857723215792443e-02
-6.217088832535726250e-02
-1.116412791508964164e-01
-7.879631293245002721e-02
-3.896768159526026176e-02
-4.593554146569420182e-02
-8.594062664372893734e-02
-1.065962318370484163e-01
-9.713923920766927289e-02
-1.170561482250598584e-01
-1.171635361054500640e-01
-9.284514453279678337e-02
-1.116897034796211358e-01
-1.055610423918673657e-01
-1.158398925443844540e-01
-7.613380107010137010e-02
-8.458620544487049919e-02
-4.890154962762321977e-02
-1.092135434813376604e-01
-1.075461371740708272e-01
-6.952621785128310083e-02
-1.090702526555373808e-01
-1.121476295611959217e-01
-1.179106775912712596e-01
-8.173974087456725712e-02
-1.073392580458804174e-01
-1.051170984718885482e-01
-9.973913911596743453e-02
-1.195689008417853555e-01
-8.899985866392630396e-02
-6.640009335989574546e-02
-1.068673889593035331e-01
-1.209503445278686667e-01
-1.204888258523366673e-01
-1.214449443828704012e-01
-6.451439116340132451e-02
-1.050256459691779609e-01
-1.120576100960301996e-01
-9.356317180259393629e-02
-1.018666077549699317e-01
-9.555997338100956362e-02
-8.722738817488812080e-02
-1.131482313181099708e-01
-8.936262924576779398e-02
-7.445240765435615082e-02
-6.127861178252219654e-02
-9.823183159771611828e-02
-1.120872186292076605e-01
-1.061925454075995923e-01
-1.031415478554085913e-01
-1.008486327727962095e-01
-6.227520830690583264e-02
-1.121415689093351042e-01
-5.445769173205974867e-02
-6.422721095237433897e-02
-1.140524275863167153e-01
-1.211939138486047007e-01
-1.023363631989841205e-01
-1.020802897722786484e-01
-1.185318419610101454e-01
-9.042686129287402785e-02
-9.508932989792580337e-02
-8.359001844544688975e-02
-1.083436331803245833e-01
-1.224752030883343723e-01
-1.167947284246773493e-01
-1.054702865519699384e-01
-2.117858774121546273e-02
-8.199142166057489522e-02
-1.037234392645552672e-01
-7.172374514645207810e-02
-7.258642815381211033e-02
-7.536133791494985246e-02
-1.101421924660629797e-01
-1.039772758565976341e-01
-9.355112339620888506e-02
-7.895311442812785740e-02
-1.011584400838226594e-01
